GasPrice.1	GasPrice.2	GasPrice.3	ElePrice.1	ElePrice.2	ElePrice.3	VehPrice.1	VehPrice.2	VehPrice.3	mpg.1	mpg.2	mpg.3	mpg_unknown.1	mpg_unknown.2	mpg_unknown.3	mpg_known.1	mpg_known.2	mpg_known.3	range.1	range.2	range.3	size.1	size.2	size.3
4.2	4.2	0	0	0	4.71	1.8	2.4	2	0.28	0.56	0.96	0	0	0	0.28	0.56	0.96	0	0	1.2	1	0	1
3	3	0	0	0	4.75	3	2.4	2	0.2	0.48	1.1	0	0	0	0.2	0.48	1.1	0	0	0.9	1	0	1
4.48	4.48	0	0	0	4.37	2.6	2.4	3.2	0.28	0.44	0.86	0.28	0.44	0.86	0	0	0	0	0	0.7	1	0	1
4.25	4.25	0	0	0	4.5	2.2	2.8	3.2	0.2	0.4	1	0	0	0	0.2	0.4	1	0	0	0.75	1	1	1
4.65	4.65	0	0	0	5.18	4.3	1.8	2.4	0.28	0.48	1.36	0	0	0	0.28	0.48	1.36	0	0	1.1	2	0	0
3.25	3.25	0	0	0	5.25	1.6	2.8	1.8	0.38	0.4	1.2	0	0	0	0.38	0.4	1.2	0	0	1	0	0	0
4.25	4.25	0	0	0	4	2.2	2.8	1.8	0.32	0.4	1.2	0	0	0	0.32	0.4	1.2	0	0	1	1	0	0
3.75	3.75	0	0	0	5.25	3.5	2	3.2	0.18	0.45	1.1	0.18	0.45	1.1	0	0	0	0	0	0.9	2	1	1
3	3	0	0	0	4.5	1.8	3.2	2.8	0.28	0.45	1.1	0	0	0	0.28	0.45	1.1	0	0	0.7	1	1	0
4.25	4.25	0	0	0	4.5	2.2	3.2	2.4	0.2	0.45	0.8	0.2	0.45	0.8	0	0	0	0	0	1.1	1	1	1
3.25	3.25	0	0	0	4.25	2.8	2	2	0.14	0.35	0.8	0	0	0	0.14	0.35	0.8	0	0	0.6	2	1	1
3.75	3.75	0	0	0	5	3.5	4.3	2.8	0.26	0.3	0.8	0	0	0	0.26	0.3	0.8	0	0	0.75	2	2	1
4	4	0	0	0	5	1.3	2.4	2	0.28	0.52	0.9	0.28	0.52	0.9	0	0	0	0	0	1.1	0	0	1
4.49	4.49	0	0	0	4.87	2.2	2	2.8	0.28	0.49	1.36	0.28	0.49	1.36	0	0	0	0	0	0.95	1	1	0
3.75	3.75	0	0	0	4.75	3.5	4.3	2.8	0.26	0.3	0.8	0	0	0	0.26	0.3	0.8	0	0	0.75	2	2	1
3	3	0	0	0	5.25	1.8	2.8	1.8	0.24	0.5	1.1	0.24	0.5	1.1	0	0	0	0	0	1	1	1	0
4.12	4.12	0	0	0	5.88	3	3.2	3.2	0.44	0.62	1.28	0.44	0.62	1.28	0	0	0	0	0	0.9	1	1	1
3	3	0	0	0	5	3	5	2.8	0.32	0.3	1.3	0	0	0	0.32	0.3	1.3	0	0	0.6	1	2	0
3.84	3.84	0	0	0	4.15	5	1.8	2	0.2	0.48	1.06	0	0	0	0.2	0.48	1.06	0	0	0.85	2	0	1
3	3	0	0	0	4.75	1.3	2.1	2.8	0.38	0.44	1	0.38	0.44	1	0	0	0	0	0	0.85	0	0	0
3	3	0	0	0	5	4.3	3.2	2.4	0.18	0.5	1	0.18	0.5	1	0	0	0	0	0	0.9	2	1	1
4.25	4.25	0	0	0	4.5	2.6	1.8	2.8	0.32	0.44	1.1	0.32	0.44	1.1	0	0	0	0	0	1.1	1	0	1
3.75	3.75	0	0	0	4	3	3.5	2.4	0.24	0.27	1	0.24	0.27	1	0	0	0	0	0	1	1	2	0
3.54	3.54	0	0	0	5.29	1.8	3.2	2.8	0.28	0.39	1.16	0	0	0	0.28	0.39	1.16	0	0	0.85	1	1	1
4.25	4.25	0	0	0	4	2.6	2.8	2.8	0.28	0.45	1	0.28	0.45	1	0	0	0	0	0	0.6	1	1	1
3.25	3.25	0	0	0	4	1.8	2.8	3.2	0.28	0.48	0.9	0	0	0	0.28	0.48	0.9	0	0	0.75	1	0	1
3.26	3.26	0	0	0	5.43	1.8	2.4	2.4	0.22	0.52	1.23	0	0	0	0.22	0.52	1.23	0	0	0.9	1	1	0
4.26	4.26	0	0	0	4.78	2	2.1	2	0.4	0.5	0.93	0	0	0	0.4	0.5	0.93	0	0	0.8	0	0	1
3.09	3.09	0	0	0	5.49	3	5	2.8	0.24	0.25	0.96	0.24	0.25	0.96	0	0	0	0	0	0.7	1	2	1
3.33	3.33	0	0	0	4.82	2.5	2	2.1	0.37	0.54	1.06	0	0	0	0.37	0.54	1.06	0	0	0.8	0	1	0
3.25	3.25	0	0	0	5.25	1.6	3.2	1.8	0.38	0.35	1.2	0.38	0.35	1.2	0	0	0	0	0	1	0	1	0
3.75	3.75	0	0	0	5	2	2.8	2.4	0.28	0.52	1	0.28	0.52	1	0	0	0	0	0	0.9	0	0	1
3.72	3.72	0	0	0	4.24	1.8	2.4	2.8	0.36	0.44	1.06	0.36	0.44	1.06	0	0	0	0	0	0.95	1	1	0
4.37	4.37	0	0	0	4.83	3.5	3.2	2.1	0.15	0.47	1.03	0.15	0.47	1.03	0	0	0	0	0	1.05	2	1	0
3	3	0	0	0	4.5	2	2.1	2.1	0.24	0.4	1.3	0	0	0	0.24	0.4	1.3	0	0	0.7	0	0	0
3.75	3.75	0	0	0	4.75	3	2.8	2	0.2	0.45	1.1	0	0	0	0.2	0.45	1.1	0	0	0.9	1	1	1
3	3	0	0	0	5.25	4.3	2.4	1.8	0.26	0.45	1.1	0	0	0	0.26	0.45	1.1	0	0	0.7	2	1	0
4.25	4.25	0	0	0	5	5	2.1	2.8	0.22	0.4	1.2	0.22	0.4	1.2	0	0	0	0	0	1	2	0	0
3.82	3.82	0	0	0	4.6	2.6	3.5	2.4	0.24	0.22	1.16	0	0	0	0.24	0.22	1.16	0	0	0.85	1	2	1
3.88	3.88	0	0	0	4.72	2.2	2.8	2.8	0.32	0.22	0.96	0.32	0.22	0.96	0	0	0	0	0	1	1	2	1
4.25	4.25	0	0	0	4.84	2.2	2.8	2.4	0.36	0.54	1.06	0.36	0.54	1.06	0	0	0	0	0	0.8	1	1	0
3.96	3.96	0	0	0	5.34	1.8	2.4	2	0.28	0.56	0.96	0	0	0	0.28	0.56	0.96	0	0	1.2	1	0	1
4.2	4.2	0	0	0	5.28	2.6	2.4	2	0.34	0.47	0.93	0	0	0	0.34	0.47	0.93	0	0	0.8	1	1	1
3.93	3.93	0	0	0	5.49	1.6	3.5	2.1	0.32	0.25	1.16	0	0	0	0.32	0.25	1.16	0	0	0.7	0	2	0
4.12	4.12	0	0	0	5.28	1.8	2	2.4	0.36	0.49	1.06	0.36	0.49	1.06	0	0	0	0	0	0.7	1	1	1
3.93	3.93	0	0	0	4.3	3	2.8	2.4	0.36	0.39	0.96	0.36	0.39	0.96	0	0	0	0	0	1	1	1	1
3.5	3.5	0	0	0	4.75	1.8	2.8	2	0.2	0.2	0.8	0	0	0	0.2	0.2	0.8	0	0	0.6	1	2	1
3.75	3.75	0	0	0	4	2.6	2.4	2.4	0.2	0.35	1.1	0	0	0	0.2	0.35	1.1	0	0	0.75	1	1	1
4	4	0	0	0	4.75	1.8	2.8	2.1	0.32	0.27	1.2	0	0	0	0.32	0.27	1.2	0	0	0.6	1	2	0
4	4	0	0	0	4.25	2.8	2	2	0.14	0.35	0.8	0	0	0	0.14	0.35	0.8	0	0	0.6	2	1	1
4.25	4.25	0	0	0	4.75	1.6	2.8	2.4	0.24	0.48	0.8	0.24	0.48	0.8	0	0	0	0	0	1.1	0	0	1
4.25	4.25	0	0	0	4.75	2.5	2.8	2.4	0.38	0.35	0.9	0	0	0	0.38	0.35	0.9	0	0	0.9	0	1	1
3	3	0	0	0	5	4.3	3.2	1.8	0.22	0.4	1	0	0	0	0.22	0.4	1	0	0	0.85	2	1	0
3.5	3.5	0	0	0	5.25	3.5	2.8	2.1	0.14	0.48	1	0	0	0	0.14	0.48	1	0	0	1	2	0	0
3.83	3.83	0	0	0	4.47	2	2.4	1.8	0.4	0.47	1.13	0.4	0.47	1.13	0	0	0	0	0	0.75	0	1	0
4.74	4.74	0	0	0	4.63	2	4.3	2.8	0.32	0.22	1.06	0	0	0	0.32	0.22	1.06	0	0	0.7	0	2	0
3.75	3.75	0	0	0	4.75	2.2	2	3.2	0.24	0.45	1.1	0.24	0.45	1.1	0	0	0	0	0	0.9	1	1	1
3.5	3.5	0	0	0	5	2.8	2.8	2.4	0.22	0.4	1.1	0	0	0	0.22	0.4	1.1	0	0	1.1	2	1	1
3.7	3.7	0	0	0	4.04	2.2	2.1	2	0.3	0.54	1.13	0	0	0	0.3	0.54	1.13	0	0	0.65	1	0	1
3.06	3.06	0	0	0	5.17	2.5	2.1	2.8	0.35	0.42	1.23	0	0	0	0.35	0.42	1.23	0	0	1.05	0	0	0
4.72	4.72	0	0	0	5.48	2.8	2	2.4	0.28	0.49	1.06	0.28	0.49	1.06	0	0	0	0	0	0.7	2	1	1
4	4	0	0	0	5	3	2.8	2.4	0.32	0.35	0.9	0	0	0	0.32	0.35	0.9	0	0	0.9	1	1	1
3.75	3.75	0	0	0	4	3.5	2	2.8	0.18	0.45	1.3	0	0	0	0.18	0.45	1.3	0	0	0.85	2	1	0
4.13	4.13	0	0	0	4.51	2.6	2.8	2.8	0.28	0.39	1.06	0	0	0	0.28	0.39	1.06	0	0	0.7	1	1	0
3	3	0	0	0	4.25	3.5	1.8	2.4	0.22	0.4	1.1	0	0	0	0.22	0.4	1.1	0	0	0.85	2	0	0
4.25	4.25	0	0	0	4.75	4.3	2.4	2	0.26	0.45	0.9	0.26	0.45	0.9	0	0	0	0	0	0.75	2	1	1
3.52	3.52	0	0	0	4.64	1.3	2.1	2.4	0.28	0.56	1.26	0.28	0.56	1.26	0	0	0	0	0	0.95	0	0	0
4.25	4.25	0	0	0	4	2.2	2.4	3.2	0.2	0.44	1	0	0	0	0.2	0.44	1	0	0	0.75	1	0	1
3.96	3.96	0	0	0	4.88	2.6	2.8	3.2	0.28	0.39	0.86	0.28	0.39	0.86	0	0	0	0	0	0.7	1	1	1
4.42	4.42	0	0	0	4.2	2.8	2.8	3.2	0.24	0.52	0.96	0	0	0	0.24	0.52	0.96	0	0	0.85	2	0	1
3.9	3.9	0	0	0	5.35	2.5	2.8	3.2	0.42	0.56	1.16	0	0	0	0.42	0.56	1.16	0	0	0.7	0	0	1
3.5	3.5	0	0	0	5	2.5	2	1.8	0.28	0.4	1.2	0	0	0	0.28	0.4	1.2	0	0	0.7	0	1	0
4.04	4.04	0	0	0	4.8	2.2	3.2	1.8	0.36	0.39	1.26	0	0	0	0.36	0.39	1.26	0	0	1.1	1	1	0
4	4	0	0	0	5.25	2.6	2.8	2	0.28	0.44	0.8	0	0	0	0.28	0.44	0.8	0	0	0.9	1	0	1
4	4	0	0	0	5.25	1.8	3.5	3.2	0.32	0.23	0.8	0	0	0	0.32	0.23	0.8	0	0	0.9	1	2	1
3.96	3.96	0	0	0	5.43	2.2	4.3	3.2	0.24	0.25	1.06	0.24	0.25	1.06	0	0	0	0	0	0.85	1	2	1
4	4	0	0	0	5.25	3.5	5	2	0.26	0.2	1	0.26	0.2	1	0	0	0	0	0	1.1	2	2	1
5.5	5.5	0	0	0	5.74	3.5	2.8	2.4	0.28	0.26	1.28	0.28	0.26	1.28	0	0	0	0	0	1.15	2	2	0
3.75	3.75	0	0	0	5.25	1.6	2.8	2.4	0.33	0.2	1.1	0	0	0	0.33	0.2	1.1	0	0	0.85	0	2	0
4	4	0	0	0	4	2.6	5	1.8	0.28	0.23	1	0	0	0	0.28	0.23	1	0	0	0.85	1	2	0
3.95	3.95	0	0	0	5.32	2	2	2.8	0.28	0.54	1.16	0	0	0	0.28	0.54	1.16	0	0	1.1	0	1	0
4.25	4.25	0	0	0	4.5	3	2	2.1	0.28	0.5	1	0.28	0.5	1	0	0	0	0	0	0.7	1	1	0
3.75	3.75	0	0	0	4.75	1.8	3.2	2.8	0.28	0.45	1.1	0.28	0.45	1.1	0	0	0	0	0	0.7	1	1	0
3.78	3.78	0	0	0	4.71	2.8	4.3	2.4	0.24	0.25	1.16	0.24	0.25	1.16	0	0	0	0	0	1.2	2	2	1
3.25	3.25	0	0	0	4	1.3	3.2	2.8	0.28	0.35	1.1	0	0	0	0.28	0.35	1.1	0	0	0.75	0	1	1
4.62	4.62	0	0	0	4.18	2	1.8	3.2	0.28	0.56	0.96	0	0	0	0.28	0.56	0.96	0	0	1.2	0	0	1
3.21	3.21	0	0	0	5.48	3	2.8	1.8	0.24	0.49	1.36	0.24	0.49	1.36	0	0	0	0	0	0.95	1	1	0
3.19	3.19	0	0	0	5.06	2.5	3.2	3.2	0.4	0.52	1.13	0.4	0.52	1.13	0	0	0	0	0	0.65	0	1	1
3	3	0	0	0	4.75	2.5	2.4	2.1	0.38	0.4	1.1	0	0	0	0.38	0.4	1.1	0	0	0.85	0	0	0
4	4	0	0	0	5	1.8	2.4	2.8	0.2	0.5	1	0	0	0	0.2	0.5	1	0	0	0.9	1	1	1
4.9	4.9	0	0	0	5.38	2.8	2.8	2	0.24	0.62	1.08	0	0	0	0.24	0.62	1.08	0	0	1.4	2	1	1
3.25	3.25	0	0	0	4.25	1.6	3.5	1.8	0.33	0.3	1.3	0	0	0	0.33	0.3	1.3	0	0	0.6	0	2	0
3.4	3.4	0	0	0	4.21	2	2.4	2	0.42	0.49	0.96	0.42	0.49	0.96	0	0	0	0	0	0.85	0	1	1
4.02	4.02	0	0	0	4.17	1.3	2.4	1.8	0.3	0.54	1.13	0	0	0	0.3	0.54	1.13	0	0	1.05	0	0	0
3.75	3.75	0	0	0	4	3.5	2.8	2.1	0.14	0.48	1	0	0	0	0.14	0.48	1	0	0	1	2	0	0
4	4	0	0	0	4	1.8	3.2	3.2	0.28	0.45	0.9	0	0	0	0.28	0.45	0.9	0	0	0.75	1	1	1
4.25	4.25	0	0	0	4.75	2.6	4.3	3.2	0.24	0.2	0.8	0	0	0	0.24	0.2	0.8	0	0	0.6	1	2	1
2.93	2.93	0	0	0	4.83	2.6	3.2	2.4	0.26	0.52	1.03	0.26	0.52	1.03	0	0	0	0	0	0.95	1	1	1
4	4	0	0	0	5.25	1.8	2	2.4	0.32	0.45	1	0	0	0	0.32	0.45	1	0	0	0.6	1	1	1
3	3	0	0	0	5.25	4.3	2.8	2.8	0.14	0.3	1.1	0	0	0	0.14	0.3	1.1	0	0	1	2	2	0
4.01	4.01	0	0	0	4.95	3	2.4	2.8	0.32	0.39	1.26	0	0	0	0.32	0.39	1.26	0	0	1.1	1	1	0
3.92	3.92	0	0	0	5.01	2.6	2.1	2.4	0.24	0.44	1.16	0	0	0	0.24	0.44	1.16	0	0	0.85	1	0	1
4.28	4.28	0	0	0	4.21	2.5	1.8	1.8	0.32	0.48	1.26	0.32	0.48	1.26	0	0	0	0	0	0.8	0	0	0
3.75	3.75	0	0	0	4.5	2.2	3.2	2.4	0.2	0.45	0.8	0	0	0	0.2	0.45	0.8	0	0	1.1	1	1	1
4.25	4.25	0	0	0	4.5	2.8	2	1.8	0.14	0.35	1	0	0	0	0.14	0.35	1	0	0	0.6	2	1	0
3.49	3.49	0	0	0	4.1	3	3.2	2.8	0.22	0.42	0.93	0.22	0.42	0.93	0	0	0	0	0	0.65	1	1	1
3.5	3.5	0	0	0	4.25	3.5	2.4	2.8	0.26	0.52	0.8	0	0	0	0.26	0.52	0.8	0	0	0.75	2	0	1
4	4	0	0	0	4.25	2.2	2.4	2.8	0.32	0.52	0.8	0.32	0.52	0.8	0	0	0	0	0	0.75	1	0	1
4.21	4.21	0	0	0	4.63	1.3	2.4	2.1	0.37	0.48	1.36	0	0	0	0.37	0.48	1.36	0	0	1.1	0	0	0
4.22	4.22	0	0	0	5.45	2.5	3.2	2.8	0.28	0.44	0.96	0	0	0	0.28	0.44	0.96	0	0	0.7	0	1	1
3.5	3.5	0	0	0	4.75	2.6	5	2.4	0.24	0.3	1	0.24	0.3	1	0	0	0	0	0	0.9	1	2	1
4.26	4.26	0	0	0	5.03	1.3	3.2	2.8	0.3	0.37	1.13	0.3	0.37	1.13	0	0	0	0	0	0.8	0	1	1
3.61	3.61	0	0	0	4.84	2.8	2.8	1.8	0.16	0.22	1.06	0.16	0.22	1.06	0	0	0	0	0	0.7	2	2	0
4.8	4.8	0	0	0	4.72	2.2	2.4	2.4	0.36	0.56	1.06	0	0	0	0.36	0.56	1.06	0	0	0.8	1	0	0
3.25	3.25	0	0	0	4.5	2.8	4.3	2	0.18	0.3	0.9	0	0	0	0.18	0.3	0.9	0	0	1.1	2	2	1
3.5	3.5	0	0	0	4	2	3.2	2	0.33	0.4	0.8	0	0	0	0.33	0.4	0.8	0	0	0.9	0	1	1
4.36	4.36	0	0	0	5.34	2.8	2.4	2.8	0.16	0.54	1.06	0.16	0.54	1.06	0	0	0	0	0	1	2	1	1
3	3	0	0	0	4.5	4.3	1.8	3.2	0.14	0.52	0.9	0.14	0.52	0.9	0	0	0	0	0	1.1	2	0	1
3.79	3.79	0	0	0	4.9	3	2.8	2.1	0.36	0.39	1.16	0.36	0.39	1.16	0	0	0	0	0	0.95	1	1	0
4.68	4.68	0	0	0	5.43	4.3	5	1.8	0.24	0.25	1.06	0	0	0	0.24	0.25	1.06	0	0	0.95	2	2	0
4.31	4.31	0	0	0	5.47	5	2.8	2.4	0.28	0.39	0.96	0	0	0	0.28	0.39	0.96	0	0	1	2	1	1
4.16	4.16	0	0	0	4.19	2.8	3.5	3.2	0.28	0.25	0.86	0.28	0.25	0.86	0	0	0	0	0	1	2	2	1
3.75	3.75	0	0	0	4.5	3.5	2.8	1.8	0.26	0.4	1.2	0.26	0.4	1.2	0	0	0	0	0	1	2	0	0
4.69	4.69	0	0	0	4.78	1.8	3.5	2.4	0.22	0.31	1.23	0	0	0	0.22	0.31	1.23	0	0	0.9	1	2	0
3.25	3.25	0	0	0	4.25	2.6	2.4	1.8	0.32	0.45	1.1	0.32	0.45	1.1	0	0	0	0	0	0.7	1	1	0
3.23	3.23	0	0	0	4.66	5	5	2.8	0.28	0.32	1.36	0	0	0	0.28	0.32	1.36	0	0	0.7	2	2	0
3.64	3.64	0	0	0	5.49	5	3.2	3.2	0.28	0.54	1.16	0	0	0	0.28	0.54	1.16	0	0	0.7	2	1	1
4	4	0	0	0	4.25	4.3	2.4	2	0.26	0.45	0.9	0	0	0	0.26	0.45	0.9	0	0	0.75	2	1	1
3.66	3.66	0	0	0	4.61	2.6	2.4	2.4	0.3	0.5	1.23	0	0	0	0.3	0.5	1.23	0	0	0.65	1	0	0
3.25	3.25	0	0	0	4	1.3	2.4	3.2	0.38	0.4	0.8	0.38	0.4	0.8	0	0	0	0	0	0.9	0	1	1
4.16	4.16	0	0	0	4.46	2.6	1.8	2.8	0.34	0.46	1.13	0	0	0	0.34	0.46	1.13	0	0	1.15	1	0	1
3.75	3.75	0	0	0	4.5	3.5	4.3	3.2	0.14	0.23	1	0.14	0.23	1	0	0	0	0	0	0.75	2	2	1
3.25	3.25	0	0	0	4.25	2.2	4.3	2.8	0.2	0.23	1.2	0	0	0	0.2	0.23	1.2	0	0	0.7	1	2	0
4.6	4.6	0	0	0	4.65	2.6	2	2.8	0.36	0.44	1.16	0.36	0.44	1.16	0	0	0	0	0	1.2	1	1	1
6.32	6.32	0	0	0	5.26	1.8	2.8	2	0.34	0.27	1.01	0.34	0.27	1.01	0	0	0	0	0	0.95	1	2	1
3.41	3.41	0	0	0	4.27	3	2	1.8	0.28	0.44	1.26	0.28	0.44	1.26	0	0	0	0	0	0.8	1	1	0
3.99	3.99	0	0	0	5.27	3	1.8	2.4	0.32	0.56	0.86	0	0	0	0.32	0.56	0.86	0	0	0.85	1	0	1
5.13	5.13	0	0	0	4.5	1.3	3.2	2.8	0.37	0.49	1.16	0.37	0.49	1.16	0	0	0	0	0	0.8	0	1	0
4	4	0	0	0	4.5	1.6	2	2.4	0.33	0.35	1.1	0	0	0	0.33	0.35	1.1	0	0	0.85	0	1	0
3.25	3.25	0	0	0	5.25	5	2.4	2.8	0.22	0.35	1.2	0	0	0	0.22	0.35	1.2	0	0	1	2	1	0
4	4	0	0	0	5	2.8	2.8	2.4	0.22	0.4	1.1	0.22	0.4	1.1	0	0	0	0	0	1.1	2	1	1
3.75	3.75	0	0	0	4.25	3	4.3	2.4	0.32	0.2	0.9	0.32	0.2	0.9	0	0	0	0	0	0.9	1	2	1
4	4	0	0	0	4.75	3.5	2.4	3.2	0.14	0.44	1	0	0	0	0.14	0.44	1	0	0	0.75	2	0	1
4.86	4.86	0	0	0	5.52	1.8	2.8	1.8	0.28	0.54	1.16	0.28	0.54	1.16	0	0	0	0	0	1.1	1	1	0
3.25	3.25	0	0	0	4.5	2.8	3.5	2.4	0.14	0.3	1.2	0.14	0.3	1.2	0	0	0	0	0	0.85	2	2	0
4	4	0	0	0	4.5	2.6	4.3	3.2	0.24	0.2	0.8	0	0	0	0.24	0.2	0.8	0	0	0.6	1	2	1
4.16	4.16	0	0	0	4.36	2.6	1.8	2.4	0.34	0.46	1.33	0.34	0.46	1.33	0	0	0	0	0	1.05	1	0	0
4.59	4.59	0	0	0	4.4	1.3	2	2.1	0.42	0.49	1.26	0	0	0	0.42	0.49	1.26	0	0	0.7	0	1	0
6.23	6.23	0	0	0	5.04	2	2	2.8	0.4	0.66	1.34	0	0	0	0.4	0.66	1.34	0	0	1.4	0	1	0
3.52	3.52	0	0	0	4.47	2	2.8	2.8	0.4	0.24	1.13	0.4	0.24	1.13	0	0	0	0	0	1.15	0	2	1
3.25	3.25	0	0	0	4.25	2.5	2.8	3.2	0.38	0.52	1.1	0	0	0	0.38	0.52	1.1	0	0	0.6	0	0	1
4.21	4.21	0	0	0	4.92	2	2.8	3.2	0.26	0.31	0.93	0	0	0	0.26	0.31	0.93	0	0	1.15	0	2	1
3.48	3.48	0	0	0	4.9	2.6	2.8	3.2	0.28	0.39	0.86	0.28	0.39	0.86	0	0	0	0	0	0.7	1	1	1
4.65	4.65	0	0	0	5.4	1.3	2.4	2.4	0.47	0.58	1.31	0.47	0.58	1.31	0	0	0	0	0	1.45	0	0	1
3.25	3.25	0	0	0	4	1.8	2.8	3.2	0.28	0.48	0.9	0.28	0.48	0.9	0	0	0	0	0	0.75	1	0	1
4.71	4.71	0	0	0	5	2.5	2	1.8	0.32	0.44	1.26	0.32	0.44	1.26	0	0	0	0	0	0.8	0	1	0
4.42	4.42	0	0	0	4.83	3	2.8	2.4	0.34	0.37	0.93	0.34	0.37	0.93	0	0	0	0	0	0.95	1	1	1
6.89	6.89	0	0	0	5.63	2	1.8	2.4	0.54	0.6	1.54	0.54	0.6	1.54	0	0	0	0	0	1.4	0	0	0
3.5	3.5	0	0	0	4.25	1.3	2.4	2.8	0.24	0.5	1	0.24	0.5	1	0	0	0	0	0	0.9	0	1	1
4	4	0	0	0	4.5	1.8	3.5	3.2	0.32	0.23	0.8	0.32	0.23	0.8	0	0	0	0	0	0.9	1	2	1
3.75	3.75	0	0	0	4	2	2.4	2	0.38	0.45	0.9	0	0	0	0.38	0.45	0.9	0	0	0.75	0	1	1
4.01	4.01	0	0	0	5.22	2.6	2.4	2	0.36	0.49	0.96	0.36	0.49	0.96	0	0	0	0	0	0.85	1	1	1
4.4	4.4	0	0	0	4.25	3.5	4.3	2.8	0.28	0.32	0.86	0.28	0.32	0.86	0	0	0	0	0	0.85	2	2	1
3.66	3.66	0	0	0	4.22	1.3	2.8	2.8	0.37	0.52	1.16	0.37	0.52	1.16	0	0	0	0	0	0.8	0	0	0
4	4	0	0	0	4.25	1.8	1.8	2	0.2	0.4	0.8	0.2	0.4	0.8	0	0	0	0	0	0.6	1	0	1
3.27	3.27	0	0	0	4.13	3	3.2	2.4	0.22	0.42	1.13	0	0	0	0.22	0.42	1.13	0	0	0.65	1	1	0
3.5	3.5	0	0	0	4.25	2.8	2.8	1.8	0.18	0.5	1.1	0.18	0.5	1.1	0	0	0	0	0	1	2	1	0
4	4	0	0	0	5	2.6	2.8	2.4	0.24	0.52	1	0	0	0	0.24	0.52	1	0	0	0.9	1	0	1
3.69	3.69	0	0	0	5.35	4.3	5	2	0.24	0.25	0.86	0	0	0	0.24	0.25	0.86	0	0	1	2	2	1
3.41	3.41	0	0	0	4.49	2.2	2.4	2.4	0.28	0.44	0.96	0.28	0.44	0.96	0	0	0	0	0	0.7	1	1	1
4.09	4.09	0	0	0	4.45	2.5	2.1	3.2	0.37	0.44	1.06	0	0	0	0.37	0.44	1.06	0	0	1.2	0	0	1
3.75	3.75	0	0	0	5	1.3	2.4	2	0.28	0.52	0.9	0.28	0.52	0.9	0	0	0	0	0	1.1	0	0	1
5.03	5.03	0	0	0	5.53	2.8	1.8	2	0.2	0.52	0.98	0.2	0.52	0.98	0	0	0	0	0	0.9	2	0	1
4.33	4.33	0	0	0	5.3	3	1.8	2	0.28	0.48	1.06	0	0	0	0.28	0.48	1.06	0	0	0.85	1	0	1
3.58	3.58	0	0	0	3.99	1.8	2	1.8	0.24	0.39	1.06	0.24	0.39	1.06	0	0	0	0	0	0.7	1	1	0
3.32	3.32	0	0	0	4.52	2.8	3.5	2.4	0.16	0.32	1.26	0	0	0	0.16	0.32	1.26	0	0	0.95	2	2	0
4.25	4.25	0	0	0	4	3.5	2.4	2.8	0.14	0.44	1.2	0	0	0	0.14	0.44	1.2	0	0	0.7	2	0	0
4.1	4.1	0	0	0	5.56	2.2	2.8	2	0.36	0.44	1.06	0	0	0	0.36	0.44	1.06	0	0	1.2	1	0	1
3.5	3.5	0	0	0	4	2.6	2.1	2	0.32	0.48	0.9	0.32	0.48	0.9	0	0	0	0	0	0.75	1	0	1
3.75	3.75	0	0	0	5.25	3.5	2	2.8	0.18	0.45	1.3	0	0	0	0.18	0.45	1.3	0	0	0.85	2	1	0
4.56	4.56	0	0	0	5.27	2	2.8	2.8	0.32	0.39	1.06	0	0	0	0.32	0.39	1.06	0	0	0.7	0	1	0
4.79	4.79	0	0	0	5.17	4.3	2.8	2.1	0.2	0.56	1.26	0	0	0	0.2	0.56	1.26	0	0	0.95	2	0	0
4.23	4.23	0	0	0	4.08	3	5	2.4	0.22	0.24	1.13	0.22	0.24	1.13	0	0	0	0	0	0.65	1	2	0
3.75	3.75	0	0	0	5.25	1.6	4.3	2.4	0.38	0.3	1	0	0	0	0.38	0.3	1	0	0	0.7	0	2	0
3.75	3.75	0	0	0	4.75	2	2.1	2	0.38	0.48	0.9	0	0	0	0.38	0.48	0.9	0	0	0.75	0	0	1
3.25	3.25	0	0	0	4.25	2.6	3.5	1.8	0.32	0.27	1.1	0.32	0.27	1.1	0	0	0	0	0	0.7	1	2	0
4.16	4.16	0	0	0	4.34	2.5	5	2.4	0.28	0.25	1.16	0	0	0	0.28	0.25	1.16	0	0	0.7	0	2	0
4	4	0	0	0	4.5	3.5	2.8	2.4	0.26	0.5	1	0	0	0	0.26	0.5	1	0	0	0.7	2	1	0
4.25	4.25	0	0	0	4	4.3	2.8	3.2	0.18	0.35	0.8	0	0	0	0.18	0.35	0.8	0	0	0.6	2	1	1
3.59	3.59	0	0	0	4.27	1.8	2.8	1.8	0.28	0.54	1.16	0	0	0	0.28	0.54	1.16	0	0	1.1	1	1	0
3.55	3.55	0	0	0	4.82	4.3	4.3	3.2	0.2	0.22	0.86	0	0	0	0.2	0.22	0.86	0	0	0.7	2	2	1
3.5	3.5	0	0	0	5	1.8	3.5	2.8	0.2	0.3	1	0	0	0	0.2	0.3	1	0	0	0.9	1	2	1
3.67	3.67	0	0	0	5.45	2.8	2.1	2.8	0.28	0.48	1.06	0	0	0	0.28	0.48	1.06	0	0	0.95	2	0	0
4.65	4.65	0	0	0	4.42	2	4.3	2.4	0.37	0.29	1.26	0.37	0.29	1.26	0	0	0	0	0	0.7	0	2	0
3	3	0	0	0	4	1.8	2.8	2	0.24	0.5	0.9	0.24	0.5	0.9	0	0	0	0	0	1.1	1	1	1
3.5	3.5	0	0	0	4.75	1.3	2	2	0.24	0.35	0.8	0	0	0	0.24	0.35	0.8	0	0	0.6	0	1	1
4.66	4.66	0	0	0	4.19	2	3.5	2.4	0.28	0.22	1.16	0	0	0	0.28	0.22	1.16	0	0	0.85	0	2	1
3.75	3.75	0	0	0	4.75	1.6	2.8	2.8	0.24	0.4	1.2	0	0	0	0.24	0.4	1.2	0	0	0.7	0	1	0
4.25	4.25	0	0	0	5.25	1.3	2.4	2	0.28	0.52	0.9	0	0	0	0.28	0.52	0.9	0	0	1.1	0	0	1
3.71	3.71	0	0	0	4.4	1.6	2.4	2.4	0.32	0.44	0.96	0	0	0	0.32	0.44	0.96	0	0	0.7	0	1	1
3.75	3.75	0	0	0	4	1.8	2	1.8	0.2	0.35	1	0	0	0	0.2	0.35	1	0	0	0.6	1	1	0
4	4	0	0	0	4.5	1.8	2.4	2.8	0.2	0.5	1	0	0	0	0.2	0.5	1	0	0	0.9	1	1	1
4	4	0	0	0	4	1.3	3.2	3.2	0.33	0.45	0.9	0	0	0	0.33	0.45	0.9	0	0	0.75	0	1	1
4.25	4.25	0	0	0	4.5	2.8	2.8	2.4	0.26	0.27	1	0	0	0	0.26	0.27	1	0	0	0.6	2	2	1
3	3	0	0	0	4.5	2.6	3.2	1.8	0.28	0.4	1	0	0	0	0.28	0.4	1	0	0	0.85	1	1	0
3.98	3.98	0	0	0	4.59	1.6	2.8	1.8	0.42	0.44	1.26	0	0	0	0.42	0.44	1.26	0	0	1.1	0	0	0
4.43	4.43	0	0	0	5.41	2.6	2.8	3.2	0.28	0.39	0.86	0.28	0.39	0.86	0	0	0	0	0	0.7	1	1	1
3.5	3.5	0	0	0	5.25	2.5	2.8	2.4	0.24	0.44	1.1	0.24	0.44	1.1	0	0	0	0	0	0.6	0	0	0
3.74	3.74	0	0	0	4.75	1.8	3.2	2.8	0.32	0.49	1.16	0.32	0.49	1.16	0	0	0	0	0	0.8	1	1	0
4	4	0	0	0	4.5	3	2.8	2	0.2	0.45	1.1	0.2	0.45	1.1	0	0	0	0	0	0.9	1	1	1
3	3	0	0	0	4	1.8	3.2	3.2	0.28	0.45	0.9	0	0	0	0.28	0.45	0.9	0	0	0.75	1	1	1
3.08	3.08	0	0	0	4.6	5	3.5	2.8	0.2	0.29	0.86	0	0	0	0.2	0.29	0.86	0	0	1.2	2	2	1
3.25	3.25	0	0	0	4.5	4.3	2.4	2.8	0.22	0.48	1	0.22	0.48	1	0	0	0	0	0	0.6	2	0	1
3.25	3.25	0	0	0	4.5	2.8	5	2.8	0.22	0.27	1.1	0	0	0	0.22	0.27	1.1	0	0	0.7	2	2	0
4	4	0	0	0	4.25	1.8	2.1	2.8	0.32	0.44	1	0.32	0.44	1	0	0	0	0	0	0.85	1	0	0
3.75	3.75	0	0	0	4.5	2.8	4.3	2	0.18	0.3	0.9	0.18	0.3	0.9	0	0	0	0	0	1.1	2	2	1
3.66	3.66	0	0	0	4.35	3	4.3	2	0.24	0.29	1.16	0.24	0.29	1.16	0	0	0	0	0	1	1	2	1
3	3	0	0	0	5	1.6	3.5	2	0.33	0.3	1.1	0	0	0	0.33	0.3	1.1	0	0	0.6	0	2	1
3.58	3.58	0	0	0	4.54	3.5	2.8	3.2	0.2	0.29	1.16	0.2	0.29	1.16	0	0	0	0	0	1	2	2	1
4.25	4.25	0	0	0	5.25	3	2.8	2.8	0.2	0.44	0.9	0.2	0.44	0.9	0	0	0	0	0	0.6	1	0	1
3.5	3.5	0	0	0	5	1.3	2	2	0.24	0.35	0.8	0	0	0	0.24	0.35	0.8	0	0	0.6	0	1	1
4.25	4.25	0	0	0	4.75	1.6	2.8	2	0.38	0.4	1	0.38	0.4	1	0	0	0	0	0	1.1	0	0	1
3.5	3.5	0	0	0	4.5	1.8	2.8	2.4	0.28	0.4	1.1	0	0	0	0.28	0.4	1.1	0	0	1.1	1	1	1
4.46	4.46	0	0	0	5.16	2.8	2.8	2.4	0.28	0.52	1.28	0	0	0	0.28	0.52	1.28	0	0	1.4	2	1	1
3.75	3.75	0	0	0	4.75	2.6	1.8	3.2	0.2	0.52	0.9	0.2	0.52	0.9	0	0	0	0	0	1.1	1	0	1
4.7	4.7	0	0	0	4.11	2.8	4.3	2.4	0.24	0.25	1.16	0	0	0	0.24	0.25	1.16	0	0	1.2	2	2	1
3.75	3.75	0	0	0	4	2	4.3	2.8	0.28	0.2	1	0.28	0.2	1	0	0	0	0	0	0.6	0	2	0
3.75	3.75	0	0	0	4.25	2.8	4.3	2.4	0.22	0.23	1.1	0	0	0	0.22	0.23	1.1	0	0	1.1	2	2	1
3.72	3.72	0	0	0	4.49	2.8	2	1.8	0.16	0.39	1.06	0	0	0	0.16	0.39	1.06	0	0	0.7	2	1	0
4.15	4.15	0	0	0	4.59	2.2	1.8	3.2	0.26	0.5	1.13	0.26	0.5	1.13	0	0	0	0	0	0.95	1	0	1
3.75	3.75	0	0	0	5	3.5	2.4	3.2	0.14	0.44	1	0.14	0.44	1	0	0	0	0	0	0.75	2	0	1
3.75	3.75	0	0	0	4.5	2.6	2.4	2.8	0.24	0.4	1	0	0	0	0.24	0.4	1	0	0	0.6	1	0	0
4.45	4.45	0	0	0	4.06	5	2	1.8	0.2	0.44	1.26	0.2	0.44	1.26	0	0	0	0	0	0.8	2	1	0
4	4	0	0	0	5	3	1.8	2	0.24	0.44	1	0	0	0	0.24	0.44	1	0	0	0.75	1	0	1
3	3	0	0	0	4.75	1.6	3.2	2	0.38	0.35	1	0.38	0.35	1	0	0	0	0	0	1.1	0	1	1
4.03	4.03	0	0	0	4.88	3.5	3.5	2.4	0.2	0.25	0.96	0.2	0.25	0.96	0	0	0	0	0	0.7	2	2	1
4.41	4.41	0	0	0	4.65	1.3	3.2	2.8	0.37	0.49	1.16	0	0	0	0.37	0.49	1.16	0	0	0.8	0	1	0
4	4	0	0	0	4	2.6	2.8	2	0.28	0.44	0.8	0	0	0	0.28	0.44	0.8	0	0	0.9	1	0	1
4.35	4.35	0	0	0	4.78	2.6	4.3	3.2	0.28	0.22	0.86	0	0	0	0.28	0.22	0.86	0	0	0.7	1	2	1
4.21	4.21	0	0	0	5.35	3.5	2.8	2.4	0.24	0.22	1.16	0.24	0.22	1.16	0	0	0	0	0	0.95	2	2	0
4.4	4.4	0	0	0	5.32	2.8	4.3	2	0.2	0.32	0.96	0	0	0	0.2	0.32	0.96	0	0	1.2	2	2	1
3.59	3.59	0	0	0	4.02	1.3	3.5	3.2	0.42	0.25	0.86	0	0	0	0.42	0.25	0.86	0	0	1	0	2	1
4	4	0	0	0	4.25	2.8	3.5	2.8	0.26	0.23	1	0	0	0	0.26	0.23	1	0	0	0.85	2	2	0
4.25	4.25	0	0	0	5.25	4.3	3.2	1.8	0.22	0.4	1	0	0	0	0.22	0.4	1	0	0	0.85	2	1	0
3.69	3.69	0	0	0	5.29	1.6	2.8	2.4	0.42	0.54	1.06	0	0	0	0.42	0.54	1.06	0	0	0.8	0	1	0
3.79	3.79	0	0	0	5.3	2.2	2.8	2.8	0.28	0.29	1.36	0.28	0.29	1.36	0	0	0	0	0	0.95	1	2	0
3.48	3.48	0	0	0	4.38	1.8	4.3	2.1	0.32	0.25	1.36	0	0	0	0.32	0.25	1.36	0	0	1.1	1	2	0
3.5	3.5	0	0	0	5.25	2	2	2.4	0.38	0.4	1.3	0	0	0	0.38	0.4	1.3	0	0	1	0	1	0
3.5	3.5	0	0	0	5.25	2.6	2.8	2.4	0.32	0.23	1.3	0	0	0	0.32	0.23	1.3	0	0	1	1	2	0
4	4	0	0	0	4.5	3.5	5	2	0.26	0.2	1	0.26	0.2	1	0	0	0	0	0	1.1	2	2	1
4.25	4.25	0	0	0	4.75	2.8	3.2	2.8	0.18	0.35	1.1	0.18	0.35	1.1	0	0	0	0	0	0.75	2	1	1
4	4	0	0	0	4.75	3	3.2	2.4	0.2	0.4	1.1	0.2	0.4	1.1	0	0	0	0	0	0.6	1	1	0
4	4	0	0	0	5.25	2.2	2.8	2.4	0.28	0.2	1.1	0	0	0	0.28	0.2	1.1	0	0	0.85	1	2	0
4.25	4.25	0	0	0	4	4.3	2.8	2.4	0.26	0.23	1.3	0.26	0.23	1.3	0	0	0	0	0	1	2	2	0
4.05	4.05	0	0	0	4.91	1.6	5	2.1	0.26	0.28	1.03	0	0	0	0.26	0.28	1.03	0	0	1.05	0	2	0
4.33	4.33	0	0	0	4.67	5	2.1	2.8	0.24	0.44	1.26	0	0	0	0.24	0.44	1.26	0	0	1.1	2	0	0
3.5	3.5	0	0	0	4	3	5	2.4	0.2	0.23	1.1	0.2	0.23	1.1	0	0	0	0	0	0.6	1	2	0
3.99	3.99	0	0	0	5.32	1.8	2.4	2.8	0.24	0.54	1.06	0	0	0	0.24	0.54	1.06	0	0	1	1	1	1
4.28	4.28	0	0	0	5.36	1.6	2	2.8	0.35	0.37	0.93	0.35	0.37	0.93	0	0	0	0	0	0.95	0	1	1
4	4	0	0	0	4.75	2.5	4.3	2	0.24	0.27	1.1	0	0	0	0.24	0.27	1.1	0	0	0.9	0	2	1
3.45	3.45	0	0	0	5.22	3	2.8	2	0.28	0.25	1.06	0	0	0	0.28	0.25	1.06	0	0	0.85	1	2	1
4.23	4.23	0	0	0	5.34	2	2.8	2.4	0.37	0.49	1.26	0	0	0	0.37	0.49	1.26	0	0	0.7	0	1	0
3.5	3.5	0	0	0	4	3	2	2	0.24	0.4	1	0	0	0	0.24	0.4	1	0	0	0.75	1	1	1
3.25	3.25	0	0	0	4.25	2.6	2.4	2.8	0.28	0.48	1	0	0	0	0.28	0.48	1	0	0	0.6	1	0	1
3.98	3.98	0	0	0	5.42	2.6	2.8	3.2	0.28	0.39	0.86	0	0	0	0.28	0.39	0.86	0	0	0.7	1	1	1
3.75	3.75	0	0	0	4	2.5	1.8	2.1	0.33	0.52	1	0.33	0.52	1	0	0	0	0	0	0.7	0	0	0
3.45	3.45	0	0	0	5.48	5	2	2.1	0.24	0.54	1.06	0	0	0	0.24	0.54	1.06	0	0	0.8	2	1	0
3.9	3.9	0	0	0	4.41	2.6	2.8	2.1	0.28	0.56	1.26	0	0	0	0.28	0.56	1.26	0	0	0.95	1	0	0
4.19	4.19	0	0	0	4.18	2.6	2.4	2.8	0.28	0.44	1.06	0	0	0	0.28	0.44	1.06	0	0	0.7	1	0	0
3.75	3.75	0	0	0	4	1.3	2.4	2	0.28	0.52	0.9	0.28	0.52	0.9	0	0	0	0	0	1.1	0	0	1
4.71	4.71	0	0	0	5.42	1.8	5	3.2	0.32	0.29	0.96	0.32	0.29	0.96	0	0	0	0	0	0.85	1	2	1
3	3	0	0	0	5.25	5	2.1	3.2	0.22	0.4	1	0.22	0.4	1	0	0	0	0	0	1.1	2	0	1
4.25	4.25	0	0	0	4.25	2.6	2.8	1.8	0.28	0.44	1	0	0	0	0.28	0.44	1	0	0	0.85	1	0	0
3.37	3.37	0	0	0	4.64	2.5	5	2.8	0.4	0.31	1.33	0	0	0	0.4	0.31	1.33	0	0	0.65	0	2	0
4.25	4.25	0	0	0	4.5	1.6	2.1	2.4	0.28	0.44	0.9	0	0	0	0.28	0.44	0.9	0	0	0.6	0	0	1
4.2	4.2	0	0	0	5.39	3	4.3	2.4	0.36	0.22	0.96	0.36	0.22	0.96	0	0	0	0	0	1	1	2	1
3.25	3.25	0	0	0	4.75	2.2	4.3	2.8	0.2	0.23	1.2	0	0	0	0.2	0.23	1.2	0	0	0.7	1	2	0
4	4	0	0	0	4	3	2	2.4	0.28	0.5	0.8	0.28	0.5	0.8	0	0	0	0	0	0.75	1	1	1
4	4	0	0	0	4.5	5	2.8	2.1	0.22	0.3	1	0	0	0	0.22	0.3	1	0	0	0.7	2	2	0
3.5	3.5	0	0	0	5	5	2.8	1.8	0.18	0.23	1.2	0	0	0	0.18	0.23	1.2	0	0	0.7	2	2	0
4	4	0	0	0	4.25	2.2	3.2	2.1	0.2	0.45	1	0	0	0	0.2	0.45	1	0	0	1	1	1	0
4.25	4.25	0	0	0	5.25	3.5	4.3	2.8	0.26	0.3	0.8	0.26	0.3	0.8	0	0	0	0	0	0.75	2	2	1
4.13	4.13	0	0	0	4.58	1.8	3.2	3.2	0.3	0.47	0.93	0	0	0	0.3	0.47	0.93	0	0	0.8	1	1	1
4	4	0	0	0	4.25	2.5	3.2	2.8	0.24	0.4	0.9	0.24	0.4	0.9	0	0	0	0	0	0.6	0	1	1
3.43	3.43	0	0	0	4.32	1.3	2.4	2.1	0.37	0.48	1.36	0	0	0	0.37	0.48	1.36	0	0	1.1	0	0	0
4.3	4.3	0	0	0	5.33	4.3	2.8	3.2	0.15	0.31	0.93	0.15	0.31	0.93	0	0	0	0	0	1.15	2	2	1
3.75	3.75	0	0	0	4.5	5	3.5	3.2	0.22	0.2	1	0.22	0.2	1	0	0	0	0	0	1.1	2	2	1
4	4	0	0	0	4	1.6	2.4	2.8	0.38	0.52	0.8	0	0	0	0.38	0.52	0.8	0	0	0.75	0	0	1
4.28	4.28	0	0	0	5.37	2.6	2	2.8	0.24	0.54	1.16	0.24	0.54	1.16	0	0	0	0	0	1.1	1	1	0
3.87	3.87	0	0	0	5.53	1.6	2.8	2.8	0.37	0.22	0.96	0.37	0.22	0.96	0	0	0	0	0	1	0	2	1
4.23	4.23	0	0	0	4.97	1.3	2.1	3.2	0.4	0.46	0.83	0	0	0	0.4	0.46	0.83	0	0	0.95	0	0	1
3.54	3.54	0	0	0	4.9	2.6	4.3	2.8	0.32	0.29	1.06	0	0	0	0.32	0.29	1.06	0	0	0.7	1	2	1
4.38	4.38	0	0	0	4.39	1.3	1.8	2.4	0.4	0.5	1.03	0	0	0	0.4	0.5	1.03	0	0	0.65	0	0	1
3.75	3.75	0	0	0	4.25	2	3.2	1.8	0.33	0.4	1	0.33	0.4	1	0	0	0	0	0	0.85	0	1	0
3.25	3.25	0	0	0	4.75	4.3	4.3	2.8	0.18	0.2	1	0.18	0.2	1	0	0	0	0	0	0.6	2	2	0
3.5	3.5	0	0	0	5.25	2.8	2.4	1.8	0.18	0.52	1.1	0.18	0.52	1.1	0	0	0	0	0	1	2	0	0
3	3	0	0	0	5	4.3	2	2.8	0.14	0.5	1.1	0	0	0	0.14	0.5	1.1	0	0	1	2	1	0
3	3	0	0	0	4.25	2.5	2.4	2	0.24	0.48	1.1	0	0	0	0.24	0.48	1.1	0	0	0.9	0	0	1
3.25	3.25	0	0	0	5.25	1.6	2.4	1.8	0.33	0.5	1.3	0.33	0.5	1.3	0	0	0	0	0	0.6	0	1	0
3	3	0	0	0	5.25	3.5	4.3	2.8	0.26	0.3	0.8	0	0	0	0.26	0.3	0.8	0	0	0.75	2	2	1
2.92	2.92	0	0	0	4.75	2.2	3.2	2	0.34	0.37	1.03	0	0	0	0.34	0.37	1.03	0	0	1.15	1	1	1
4.17	4.17	0	0	0	4.97	1.3	2.8	2.4	0.32	0.44	1.36	0	0	0	0.32	0.44	1.36	0	0	0.8	0	0	0
3.5	3.5	0	0	0	4.5	2.6	2.4	2.4	0.2	0.35	1.1	0	0	0	0.2	0.35	1.1	0	0	0.75	1	1	1
4.51	4.51	0	0	0	4.14	2.5	4.3	2.1	0.42	0.22	1.16	0	0	0	0.42	0.22	1.16	0	0	0.95	0	2	0
3	3	0	0	0	5	1.6	2.8	2.4	0.24	0.48	0.8	0.24	0.48	0.8	0	0	0	0	0	1.1	0	0	1
3.5	3.5	0	0	0	4	1.8	2	1.8	0.2	0.35	1	0	0	0	0.2	0.35	1	0	0	0.6	1	1	0
3.96	3.96	0	0	0	4.17	1.3	2.4	3.2	0.42	0.44	0.86	0.42	0.44	0.86	0	0	0	0	0	1	0	1	1
4	4	0	0	0	5.25	2	2	2.8	0.38	0.4	1.1	0	0	0	0.38	0.4	1.1	0	0	1.1	0	1	1
4.25	4.25	0	0	0	5.25	3.5	2.8	2.8	0.22	0.2	0.9	0	0	0	0.22	0.2	0.9	0	0	0.9	2	2	1
3.5	3.5	0	0	0	5	2.2	2.4	2.4	0.24	0.4	0.9	0.24	0.4	0.9	0	0	0	0	0	0.6	1	1	1
3.5	3.5	0	0	0	4.4	2.2	3.2	2.4	0.24	0.49	0.86	0.24	0.49	0.86	0	0	0	0	0	1.2	1	1	1
4.64	4.64	0	0	0	4.75	2.2	2.8	3.2	0.24	0.44	1.06	0.24	0.44	1.06	0	0	0	0	0	0.85	1	1	1
5.88	5.88	0	0	0	5.51	5	2.4	2.8	0.3	0.51	1.44	0.3	0.51	1.44	0	0	0	0	0	1.4	2	1	0
4	4	0	0	0	4.75	2	2.8	2.1	0.28	0.52	1.2	0.28	0.52	1.2	0	0	0	0	0	0.85	0	0	0
4	4	0	0	0	4.75	2.8	2.4	1.8	0.18	0.52	1.1	0	0	0	0.18	0.52	1.1	0	0	1	2	0	0
3.75	3.75	0	0	0	5	1.6	2.1	1.8	0.33	0.52	1.3	0	0	0	0.33	0.52	1.3	0	0	0.6	0	0	0
3.29	3.29	0	0	0	4.08	3	3.2	2.8	0.34	0.52	1.33	0.34	0.52	1.33	0	0	0	0	0	0.65	1	1	0
3.72	3.72	0	0	0	5.24	2.6	2.4	2.4	0.32	0.52	1.26	0.32	0.52	1.26	0	0	0	0	0	0.7	1	0	0
4.39	4.39	0	0	0	4.75	2.8	4.3	2	0.2	0.32	0.96	0.2	0.32	0.96	0	0	0	0	0	1.2	2	2	1
3.5	3.5	0	0	0	4.75	3.5	2.8	2.8	0.22	0.2	0.9	0.22	0.2	0.9	0	0	0	0	0	0.9	2	2	1
3.25	3.25	0	0	0	4	1.8	1.8	2	0.2	0.4	0.8	0.2	0.4	0.8	0	0	0	0	0	0.6	1	0	1
3.75	3.75	0	0	0	4.5	2.2	2.1	2.1	0.24	0.44	1.1	0	0	0	0.24	0.44	1.1	0	0	0.6	1	0	0
4	4	0	0	0	5	1.8	2.4	2	0.24	0.52	0.9	0	0	0	0.24	0.52	0.9	0	0	1.1	1	0	1
3.76	3.76	0	0	0	4.84	4.3	5	2	0.24	0.25	0.86	0	0	0	0.24	0.25	0.86	0	0	1	2	2	1
3.86	3.86	0	0	0	4.91	2.6	2.8	2.4	0.3	0.47	1.23	0	0	0	0.3	0.47	1.23	0	0	0.65	1	1	0
4.72	4.72	0	0	0	5.47	2.2	3.5	2	0.32	0.32	1.16	0	0	0	0.32	0.32	1.16	0	0	0.7	1	2	1
3.07	3.07	0	0	0	4.04	2.2	3.2	1.8	0.36	0.39	1.26	0	0	0	0.36	0.39	1.26	0	0	1.1	1	1	0
3.75	3.75	0	0	0	4.25	3.5	4.3	2.8	0.26	0.3	0.8	0	0	0	0.26	0.3	0.8	0	0	0.75	2	2	1
4.52	4.52	0	0	0	4.5	1.3	3.5	3.2	0.42	0.25	0.86	0.42	0.25	0.86	0	0	0	0	0	1	0	2	1
4.25	4.25	0	0	0	4.25	1.3	2.8	2.4	0.33	0.4	1.1	0.33	0.4	1.1	0	0	0	0	0	1.1	0	1	1
4.09	4.09	0	0	0	4.89	1.8	2.8	2.8	0.32	0.52	1.16	0.32	0.52	1.16	0	0	0	0	0	0.8	1	0	0
3.5	3.5	0	0	0	5.25	1.6	2.1	1.8	0.33	0.52	1.3	0.33	0.52	1.3	0	0	0	0	0	0.6	0	0	0
4.25	4.25	0	0	0	4.25	1.8	5	3.2	0.28	0.27	0.9	0	0	0	0.28	0.27	0.9	0	0	0.75	1	2	1
4.25	4.25	0	0	0	5	2	2.8	2.8	0.24	0.3	1.1	0	0	0	0.24	0.3	1.1	0	0	1	0	2	0
3	3	0	0	0	4.75	2.5	2.8	2.8	0.24	0.44	0.9	0	0	0	0.24	0.44	0.9	0	0	0.6	0	0	1
4.63	4.63	0	0	0	5.55	2.6	2	2.4	0.36	0.44	1.36	0.36	0.44	1.36	0	0	0	0	0	1.1	1	1	0
5.43	5.43	0	0	0	6	2.2	3.2	2.4	0.36	0.61	1.04	0.36	0.61	1.04	0	0	0	0	0	1.5	1	1	1
4	4	0	0	0	4.5	3	1.8	2.4	0.28	0.52	0.8	0.28	0.52	0.8	0	0	0	0	0	0.75	1	0	1
4	4	0	0	0	5.25	1.3	2.4	2.4	0.24	0.5	1.2	0	0	0	0.24	0.5	1.2	0	0	0.85	0	1	0
4.92	4.92	0	0	0	4	1.8	1.8	2.1	0.36	0.52	1.26	0.36	0.52	1.26	0	0	0	0	0	0.7	1	0	0
3.96	3.96	0	0	0	4.99	3	2	2	0.28	0.44	1.06	0.28	0.44	1.06	0	0	0	0	0	0.85	1	1	1
3.29	3.29	0	0	0	5.04	2.5	2	2	0.3	0.42	1.03	0	0	0	0.3	0.42	1.03	0	0	0.8	0	1	1
4.14	4.14	0	0	0	4.22	1.6	1.8	2.8	0.35	0.42	0.93	0	0	0	0.35	0.42	0.93	0	0	0.95	0	0	1
3.75	3.75	0	0	0	4.75	2.6	2.4	2.8	0.24	0.4	1	0.24	0.4	1	0	0	0	0	0	0.6	1	0	0
3.1	3.1	0	0	0	4.35	2.2	2.1	2	0.32	0.56	1.16	0	0	0	0.32	0.56	1.16	0	0	0.7	1	0	1
3.36	3.36	0	0	0	4.72	4.3	2.1	1.8	0.28	0.52	1.16	0	0	0	0.28	0.52	1.16	0	0	0.8	2	0	0
3.61	3.61	0	0	0	5.34	1.3	2.4	2.8	0.42	0.44	1.06	0.42	0.44	1.06	0	0	0	0	0	0.95	0	1	0
4	4	0	0	0	4.75	2	3.5	2.1	0.24	0.2	1.3	0	0	0	0.24	0.2	1.3	0	0	0.7	0	2	0
4.42	4.42	0	0	0	5.12	4.3	5	2	0.24	0.25	0.86	0	0	0	0.24	0.25	0.86	0	0	1	2	2	1
4.25	4.25	0	0	0	4.5	2.6	2	2.8	0.32	0.4	1.1	0	0	0	0.32	0.4	1.1	0	0	1.1	1	1	1
3.5	3.5	0	0	0	5.25	1.8	2.8	1.8	0.24	0.5	1.1	0.24	0.5	1.1	0	0	0	0	0	1	1	1	0
3.25	3.25	0	0	0	5	2.5	2.4	2.1	0.38	0.4	1.1	0	0	0	0.38	0.4	1.1	0	0	0.85	0	0	0
3.5	3.5	0	0	0	4.75	4.3	3.2	2.1	0.18	0.5	1.2	0.18	0.5	1.2	0	0	0	0	0	0.85	2	1	0
4.05	4.05	0	0	0	5.45	1.8	2.4	2.4	0.24	0.54	1.26	0	0	0	0.24	0.54	1.26	0	0	0.95	1	1	0
3.92	3.92	0	0	0	5.39	4.3	3.5	2.4	0.16	0.22	1.16	0	0	0	0.16	0.22	1.16	0	0	0.85	2	2	1
4.25	4.25	0	0	0	5.25	1.8	1.8	2.4	0.32	0.48	1	0	0	0	0.32	0.48	1	0	0	0.6	1	0	1
3.58	3.58	0	0	0	5.23	2.8	2.4	3.2	0.28	0.44	0.86	0	0	0	0.28	0.44	0.86	0	0	1	2	1	1
3.25	3.25	0	0	0	4.75	2	2.4	2.1	0.24	0.35	1.3	0	0	0	0.24	0.35	1.3	0	0	0.7	0	1	0
3.85	3.85	0	0	0	5.09	2	2	2.4	0.42	0.44	1.36	0	0	0	0.42	0.44	1.36	0	0	1.1	0	1	0
4	4	0	0	0	5.25	3	2.4	1.8	0.2	0.48	1.3	0	0	0	0.2	0.48	1.3	0	0	0.85	1	0	0
3.75	3.75	0	0	0	4	2.2	2.4	2.4	0.24	0.4	0.9	0	0	0	0.24	0.4	0.9	0	0	0.6	1	1	1
3.78	3.78	0	0	0	5.02	2.2	3.2	2.4	0.24	0.49	0.86	0.24	0.49	0.86	0	0	0	0	0	1.2	1	1	1
4	4	0	0	0	5.25	5	2.8	2.4	0.22	0.3	0.8	0.22	0.3	0.8	0	0	0	0	0	0.75	2	2	1
4.47	4.47	0	0	0	4.34	1.3	3.5	3.2	0.42	0.25	0.86	0	0	0	0.42	0.25	0.86	0	0	1	0	2	1
4.47	4.47	0	0	0	4.36	4.3	2.8	2.4	0.24	0.49	1.26	0	0	0	0.24	0.49	1.26	0	0	0.7	2	1	0
4	4	0	0	0	4.16	2	2.1	2	0.42	0.52	0.96	0	0	0	0.42	0.52	0.96	0	0	0.85	0	0	1
3	3	0	0	0	4.25	1.8	2.4	2.8	0.32	0.4	1	0	0	0	0.32	0.4	1	0	0	0.85	1	1	0
3	3	0	0	0	5	1.6	1.8	3.2	0.28	0.48	1.1	0.28	0.48	1.1	0	0	0	0	0	0.9	0	0	1
4.77	4.77	0	0	0	5.72	2.6	2.8	2.8	0.44	0.29	1.28	0.44	0.29	1.28	0	0	0	0	0	1.4	1	2	1
4.25	4.25	0	0	0	4.25	1.3	2.4	2.8	0.38	0.4	1	0.38	0.4	1	0	0	0	0	0	0.85	0	1	0
4.25	4.25	0	0	0	4.75	5	2.4	1.8	0.14	0.48	1.3	0.14	0.48	1.3	0	0	0	0	0	0.85	2	0	0
4.36	4.36	0	0	0	4.8	2.6	1.8	2.4	0.36	0.48	1.36	0.36	0.48	1.36	0	0	0	0	0	1.1	1	0	0
3.25	3.25	0	0	0	5.25	1.3	2.8	2.4	0.33	0.4	1.1	0	0	0	0.33	0.4	1.1	0	0	1.1	0	1	1
3	3	0	0	0	5.25	1.8	2.8	2.1	0.32	0.27	1.2	0.32	0.27	1.2	0	0	0	0	0	0.6	1	2	0
3.25	3.25	0	0	0	4.25	1.6	3.5	2.4	0.28	0.23	0.9	0	0	0	0.28	0.23	0.9	0	0	0.6	0	2	1
3.25	3.25	0	0	0	4.25	2.6	2.8	2.8	0.24	0.35	1	0.24	0.35	1	0	0	0	0	0	0.6	1	1	0
3.5	3.5	0	0	0	4.5	2	2.8	2.8	0.38	0.23	1.1	0	0	0	0.38	0.23	1.1	0	0	1.1	0	2	1
4	4	0	0	0	4.5	2.2	2.8	3.2	0.24	0.27	1.1	0	0	0	0.24	0.27	1.1	0	0	0.9	1	2	1
4	4	0	0	0	4.25	2.2	2.4	2	0.28	0.5	1.1	0.28	0.5	1.1	0	0	0	0	0	0.6	1	1	1
4.25	4.25	0	0	0	5	3	2.1	2.8	0.24	0.48	0.8	0	0	0	0.24	0.48	0.8	0	0	1.1	1	0	1
3.9	3.9	0	0	0	4.13	2.2	2.8	1.8	0.36	0.44	1.26	0.36	0.44	1.26	0	0	0	0	0	1.1	1	0	0
4.25	4.25	0	0	0	4.75	2.8	5	2.8	0.22	0.27	1.1	0	0	0	0.22	0.27	1.1	0	0	0.7	2	2	0
3.45	3.45	0	0	0	4.78	3	2	1.8	0.26	0.42	1.23	0	0	0	0.26	0.42	1.23	0	0	0.75	1	1	0
3.76	3.76	0	0	0	4.66	2.2	2	2.4	0.3	0.37	1.13	0	0	0	0.3	0.37	1.13	0	0	0.9	1	1	0
4.5	4.5	0	0	0	5.5	2.2	2.8	3.2	0.24	0.44	1.06	0.24	0.44	1.06	0	0	0	0	0	0.85	1	1	1
4.25	4.25	0	0	0	4.25	2.2	1.8	2.4	0.28	0.4	1.1	0	0	0	0.28	0.4	1.1	0	0	0.85	1	0	0
3.25	3.25	0	0	0	4.5	1.8	2.8	3.2	0.28	0.48	0.9	0	0	0	0.28	0.48	0.9	0	0	0.75	1	0	1
3.25	3.25	0	0	0	5.25	3	2.8	2.1	0.32	0.35	1.1	0.32	0.35	1.1	0	0	0	0	0	0.85	1	1	0
3	3	0	0	0	5	2.6	1.8	2.4	0.32	0.44	1.3	0	0	0	0.32	0.44	1.3	0	0	1	1	0	0
4.25	4.25	0	0	0	4.5	3	2.8	2.8	0.32	0.52	1.3	0.32	0.52	1.3	0	0	0	0	0	0.6	1	0	0
4.29	4.29	0	0	0	4.73	1.8	4.3	2	0.28	0.32	0.96	0.28	0.32	0.96	0	0	0	0	0	1.2	1	2	1
5.68	5.68	0	0	0	5.42	2.6	3.2	2	0.44	0.56	1.04	0.44	0.56	1.04	0	0	0	0	0	1.3	1	1	1
3.55	3.55	0	0	0	4.63	2.6	4.3	3.2	0.28	0.22	0.86	0.28	0.22	0.86	0	0	0	0	0	0.7	1	2	1
4.25	4.25	0	0	0	5	2	1.8	2.8	0.38	0.44	1.1	0.38	0.44	1.1	0	0	0	0	0	1.1	0	0	1
3.75	3.75	0	0	0	4.5	3	4.3	2.4	0.32	0.2	0.9	0	0	0	0.32	0.2	0.9	0	0	0.9	1	2	1
4	4	0	0	0	5	1.6	2.4	2.4	0.38	0.52	1	0	0	0	0.38	0.52	1	0	0	0.7	0	0	0
3.25	3.25	0	0	0	5	2.8	2.4	2.4	0.22	0.44	1.1	0.22	0.44	1.1	0	0	0	0	0	1.1	2	0	1
4.2	4.2	0	0	0	4.39	2.8	2.4	2.4	0.16	0.54	1.26	0	0	0	0.16	0.54	1.26	0	0	0.95	2	1	0
4	4	0	0	0	5	1.8	4.3	2.4	0.28	0.23	1.1	0	0	0	0.28	0.23	1.1	0	0	1.1	1	2	1
3.25	3.25	0	0	0	5.25	2.6	2.8	2.4	0.28	0.45	1.2	0.28	0.45	1.2	0	0	0	0	0	0.6	1	1	0
3.21	3.21	0	0	0	4.57	2.5	1.8	2.1	0.35	0.54	1.03	0.35	0.54	1.03	0	0	0	0	0	0.75	0	0	0
4	4	0	0	0	5.25	2.5	3.2	2.8	0.24	0.4	0.9	0	0	0	0.24	0.4	0.9	0	0	0.6	0	1	1
3.86	3.86	0	0	0	5.3	2	3.5	1.8	0.42	0.29	1.16	0	0	0	0.42	0.29	1.16	0	0	0.8	0	2	0
3.75	3.75	0	0	0	4	2.8	4.3	2	0.18	0.3	0.9	0	0	0	0.18	0.3	0.9	0	0	1.1	2	2	1
3.25	3.25	0	0	0	4.75	3	3.5	2.8	0.24	0.27	0.8	0.24	0.27	0.8	0	0	0	0	0	1.1	1	2	1
4.6	4.6	0	0	0	5.41	1.3	3.2	2.8	0.37	0.49	1.16	0	0	0	0.37	0.49	1.16	0	0	0.8	0	1	0
3.59	3.59	0	0	0	4.12	2	1.8	2.4	0.42	0.48	1.36	0.42	0.48	1.36	0	0	0	0	0	1.1	0	0	0
4	4	0	0	0	5.25	2.5	3.5	2.8	0.33	0.2	1.2	0	0	0	0.33	0.2	1.2	0	0	1	0	2	0
4.32	4.32	0	0	0	5.72	2.5	1.8	2	0.32	0.48	1.06	0	0	0	0.32	0.48	1.06	0	0	0.85	0	0	1
3.75	3.75	0	0	0	4.25	1.8	2.4	2.4	0.2	0.5	1.2	0.2	0.5	1.2	0	0	0	0	0	0.85	1	1	0
3.75	3.75	0	0	0	4.5	2	3.5	2.4	0.24	0.2	1.1	0.24	0.2	1.1	0	0	0	0	0	0.75	0	2	1
3.54	3.54	0	0	0	4.45	2.2	2	3.2	0.28	0.49	1.16	0.28	0.49	1.16	0	0	0	0	0	1	1	1	1
4	4	0	0	0	4	2.8	2	2	0.14	0.35	0.8	0	0	0	0.14	0.35	0.8	0	0	0.6	2	1	1
3.75	3.75	0	0	0	4.75	2.8	2	1.8	0.14	0.35	1	0.14	0.35	1	0	0	0	0	0	0.6	2	1	0
4.25	4.25	0	0	0	4.5	1.3	2.8	2.4	0.33	0.4	1.1	0	0	0	0.33	0.4	1.1	0	0	1.1	0	1	1
3.5	3.5	0	0	0	4.25	2.6	2.8	2.1	0.24	0.52	1.2	0	0	0	0.24	0.52	1.2	0	0	0.85	1	0	0
4.11	4.11	0	0	0	4.61	5	2	2.4	0.24	0.54	0.86	0	0	0	0.24	0.54	0.86	0	0	0.85	2	1	1
4.25	4.25	0	0	0	4.5	3.5	2.4	2.4	0.18	0.4	0.9	0	0	0	0.18	0.4	0.9	0	0	0.6	2	1	1
4.4	4.4	0	0	0	4.23	2.2	2.8	2.4	0.24	0.52	0.86	0	0	0	0.24	0.52	0.86	0	0	1.2	1	0	1
3.54	3.54	0	0	0	4.4	2.6	2	3.2	0.24	0.54	0.96	0.24	0.54	0.96	0	0	0	0	0	1.2	1	1	1
4.33	4.33	0	0	0	4.8	2.8	2.4	2	0.2	0.56	0.96	0	0	0	0.2	0.56	0.96	0	0	1.2	2	0	1
3.5	3.5	0	0	0	5.25	1.8	4.3	2.1	0.28	0.23	1.3	0.28	0.23	1.3	0	0	0	0	0	1	1	2	0
3.25	3.25	0	0	0	5	2.6	1.8	3.2	0.2	0.52	0.9	0.2	0.52	0.9	0	0	0	0	0	1.1	1	0	1
3.75	3.75	0	0	0	5	2.6	5	2	0.28	0.23	0.8	0	0	0	0.28	0.23	0.8	0	0	0.9	1	2	1
3.7	3.7	0	0	0	4.58	2.6	1.8	2.8	0.34	0.46	1.13	0	0	0	0.34	0.46	1.13	0	0	1.15	1	0	1
3.25	3.25	0	0	0	5.25	2.8	4.3	2.4	0.22	0.23	1.1	0.22	0.23	1.1	0	0	0	0	0	1.1	2	2	1
3.25	3.25	0	0	0	5.25	4.3	2.4	1.8	0.26	0.45	1.1	0.26	0.45	1.1	0	0	0	0	0	0.7	2	1	0
4.25	4.25	0	0	0	4.25	2.8	3.2	3.2	0.22	0.45	0.9	0	0	0	0.22	0.45	0.9	0	0	0.75	2	1	1
4.25	4.25	0	0	0	4	3.5	2.8	2.8	0.14	0.4	1.2	0	0	0	0.14	0.4	1.2	0	0	0.7	2	1	0
3.37	3.37	0	0	0	4.52	5	2.4	2	0.16	0.52	1.16	0	0	0	0.16	0.52	1.16	0	0	1	2	0	1
3.98	3.98	0	0	0	4.84	2.2	4.3	3.2	0.24	0.25	1.06	0	0	0	0.24	0.25	1.06	0	0	0.85	1	2	1
3.61	3.61	0	0	0	4.84	2.6	2.8	3.2	0.24	0.32	0.96	0.24	0.32	0.96	0	0	0	0	0	1.2	1	2	1
3.5	3.5	0	0	0	5.07	1.3	2.4	3.2	0.4	0.42	0.83	0.4	0.42	0.83	0	0	0	0	0	0.95	0	1	1
4	4	0	0	0	4	2.2	4.3	2.8	0.32	0.3	0.8	0	0	0	0.32	0.3	0.8	0	0	0.75	1	2	1
2.83	2.83	0	0	0	4.37	1.8	2.1	3.2	0.34	0.46	0.83	0.34	0.46	0.83	0	0	0	0	0	0.95	1	0	1
4.42	4.42	0	0	0	4.08	3	4.3	1.8	0.22	0.28	1.33	0.22	0.28	1.33	0	0	0	0	0	0.9	1	2	0
3.25	3.25	0	0	0	4	1.3	3.5	2.8	0.24	0.3	1	0.24	0.3	1	0	0	0	0	0	0.9	0	2	1
3.25	3.25	0	0	0	4.25	5	2.8	2.8	0.14	0.44	0.9	0	0	0	0.14	0.44	0.9	0	0	0.6	2	0	1
3.62	3.62	0	0	0	5.2	1.6	2.8	2.8	0.28	0.44	1.26	0	0	0	0.28	0.44	1.26	0	0	0.8	0	1	0
3.75	3.75	0	0	0	5	2.5	2.8	2.1	0.38	0.35	1.1	0	0	0	0.38	0.35	1.1	0	0	0.85	0	1	0
3.25	3.25	0	0	0	4.75	1.8	3.2	2.4	0.24	0.35	1.3	0.24	0.35	1.3	0	0	0	0	0	0.7	1	1	0
4	4	0	0	0	5.25	2.6	2.8	3.2	0.2	0.3	0.9	0.2	0.3	0.9	0	0	0	0	0	1.1	1	2	1
3.5	3.5	0	0	0	4.75	2.5	3.2	2.8	0.24	0.4	0.9	0.24	0.4	0.9	0	0	0	0	0	0.6	0	1	1
3.25	3.25	0	0	0	5	1.6	2.8	2.4	0.38	0.5	1	0.38	0.5	1	0	0	0	0	0	0.7	0	1	0
3.75	3.75	0	0	0	4.25	2.5	3.2	2.4	0.24	0.4	1.1	0.24	0.4	1.1	0	0	0	0	0	0.6	0	1	0
3	3	0	0	0	5	2.8	2.8	2	0.18	0.5	0.9	0.18	0.5	0.9	0	0	0	0	0	1.1	2	1	1
4.25	4.25	0	0	0	5	4.3	3.2	2.4	0.18	0.5	1	0	0	0	0.18	0.5	1	0	0	0.9	2	1	1
4.18	4.18	0	0	0	4.03	1.8	2.8	1.8	0.26	0.52	1.13	0.26	0.52	1.13	0	0	0	0	0	1.05	1	1	0
3.66	3.66	0	0	0	4.52	2.8	2	1.8	0.16	0.39	1.06	0	0	0	0.16	0.39	1.06	0	0	0.7	2	1	0
3	3	0	0	0	4.75	2.8	4.3	2.4	0.22	0.23	1.1	0	0	0	0.22	0.23	1.1	0	0	1.1	2	2	1
4	4	0	0	0	4.75	1.8	2.8	2.4	0.28	0.4	1.1	0.28	0.4	1.1	0	0	0	0	0	1.1	1	1	1
4.47	4.47	0	0	0	4.6	2.2	1.8	3.2	0.26	0.5	1.13	0.26	0.5	1.13	0	0	0	0	0	0.95	1	0	1
3.46	3.46	0	0	0	5.37	2.2	2.4	1.8	0.3	0.52	1.33	0.3	0.52	1.33	0	0	0	0	0	0.65	1	1	0
3.42	3.42	0	0	0	5.37	1.3	2.8	2.4	0.37	0.44	1.16	0	0	0	0.37	0.44	1.16	0	0	1.2	0	1	1
3.38	3.38	0	0	0	4.92	2.6	1.8	2.4	0.36	0.48	1.36	0.36	0.48	1.36	0	0	0	0	0	1.1	1	0	0
3.5	3.5	0	0	0	4.25	2.5	2.8	2.4	0.38	0.35	0.9	0.38	0.35	0.9	0	0	0	0	0	0.9	0	1	1
